0	94574	33.577
1.03	92653.6667	503.52
2.03	94295	984.44
3.03	92439	563.75
4.01	92094.6667	833.26
5.01	91078	520.85
6.01	89438.6667	710.83
7.01	90852	518.8
8.01	89011	450.84
9.03	88906.3333	607.97
10.03	88771.6667	897.23
11.03	86958.6667	279.44
12.03	86012.6667	575.38
13.03	85452.3333	114.78
14.03	84225.6667	404.75
15.01	84655	814.36
16.03	83747.3333	484.58
17.03	83440	346.99
18.03	82758	559.33
19.03	81412.6667	267.66
20.03	82146.3333	1396.2
21.03	81292.3333	458.72
22.01	80346.6667	595.77
23.01	79681	550.24
24.03	79266.3333	381.11
25.03	77784	414.96
26.03	77304.6667	601.32
27.03	77308	522.22
28.03	76719.3333	809.53
29.03	76785.3333	502.45
30.01	76972	594.43
31.03	75759.6667	514.74
32.03	75399.6667	840.83
33.03	74694	554.14
34.03	73201.6667	128.17
35.03	72135.3333	675.09
36.03	73198	622.96
37.01	72187	293.67
38.03	71346	442.36
39.03	70786.3333	1261
40.03	71586.6667	175
41.03	70147.3333	623.13
42.03	71038.6667	531.12
43.03	68413.6667	393.7
44.01	68506.3333	615.92
45.03	68813	437.44
46.03	67679.3333	211.03
47.03	67174.3333	224.23
48.03	66987.3333	252.78
49.03	67880.3333	819.2
50.03	66119.6667	580.63
51.01	64439.6667	823.21
52.03	64638.6667	1062.5
53.03	64441.3333	473.57
54.03	63612.3333	147.25
55.03	63465.3333	1003.4
56.03	62894	577.12
57.03	62785.3333	567.28
58.01	61610.6667	1109.6
59.01	62293	287.6
60.03	62428	457.72
61.03	61278	245.71
62.03	61144.3333	153.86
63.03	61719.6667	377.85
64.03	59811	350.13
65.03	59374	633.58
66.01	59226.6667	487.79
67.03	58652.6667	271.31
68.03	57945.3333	609.41
69.03	57317.6667	842.92
70.03	57691.6667	150.23
71.03	57185	308.68
72.03	56826	118.22
73.01	55959.3333	615.83
74.03	54975	451.54
75.03	54427	330.43
76.03	54882	46.477
77.03	54479.6667	559.64
78.03	54250	962.04
79.03	53266.3333	346.63
80.01	54064.6667	430.05
81.03	54544.3333	207.38
82.03	53678.6667	303.23
83.03	53441	550.67
84.03	52987	375.41
85.03	52038.3333	225.13
86.03	51319.3333	554.41
87.01	51188	554.53
88.03	51081	785.6
89.03	50519.6667	188.82
90.03	50531.3333	535.51
91.03	50292.3333	317.95
92.03	49748.3333	520.52
93.03	49013.6667	608.34
94.01	49440	259.92
95.01	48158.6667	783.65
96.03	48491.3333	49.418
97.03	46852.3333	156.12
98.03	47092	581.41
99.03	46879.3333	222.83
100.03	46772	653.69
101.03	46693.6667	529.1
102.01	46599.6667	517.14
103.03	46145.6667	81.132
104.03	45639.3333	560.14
105.03	46172.6667	228.76
106.03	44840.6667	349.9
107.03	45919	279.48
108.03	44600.6667	60.011
109.01	44173	411.85
110.03	44546.6667	430.07
111.03	44068.3333	198.91
112.03	43078.3333	350.49
113.03	42680	207.85
114.03	42398.6667	480
115.03	43425.3333	436.25
116.01	42226.3333	257.85
117.03	42011.6667	277.08
118.03	41601	629.68
119.03	41187.3333	426.78
120.03	40534	140.92
121.03	40785.6667	208.8
122.03	39960.3333	359.45
123.01	40962.6667	333.71
124.03	40171	715.19
125.03	39453.6667	961.88
126.03	40307.6667	255.15
127.03	39186.6667	638.45
128.03	39188.3333	519.48
129.03	39186.6667	175.07
130.01	37905.6667	66.516
131.01	38598.6667	182.87
132.03	37907.6667	493.81
133.03	37320.6667	381.84
134.03	37039.3333	243.01
135.03	37333.6667	218.07
136.03	37360.6667	327.29
137.03	36852.6667	247.95
138.01	36975.3333	357.59
139.03	36109	385.05
140.03	36145.6667	1191.1
141.03	35491.6667	330.97
142.03	35706.6667	246.78
143.03	35439.3333	588.88
144.03	34773	278.17
145.01	35505.6667	253.4
146.03	34613.6667	406.18
147.03	34865.6667	345.23
148.03	34453.6667	154.26
149.03	34692.3333	274.72
150.03	34134.3333	275.85
151.03	34079.6667	410.69
152.01	33290.6667	292.87
153.03	33891.6667	416.26
154.03	33212	498.15
155.03	32385.6667	592.62
156.03	33146.6667	214.13
157.03	32570.6667	414
158.03	31585	233.95
159.01	31092.6667	71.631
160.03	31919.6667	404.38
161.03	31345.6667	134.89
162.03	31800	340.63
163.03	31012	546.92
164.03	30665.6667	103.84
165.03	31762.3333	256.65
166.01	31373.6667	396.77
167.01	30598.6667	166.53
168.03	30373.3333	152.32
169.03	30092.6667	335.24
170.03	29932.3333	417.9
171.03	29947	195.76
172.03	29091.3333	314.98
173.03	29747.6667	745.98
174.01	29173.3333	486.79
175.03	28987.3333	435.94
176.03	29079.6667	165.73
177.03	29079	208.71
178.03	29226.3333	548.18
179.03	28268.6667	162.36
180.03	28052.6667	401.33
181.08	27838.3333	139.61
182.01	28080.3333	142.12
183.01	27799.6667	392.6
184.01	27257	223.22
185.01	27495	598.93
186.01	26934.3333	199.81
187.01	26935.3333	220.33
188.01	27106	253.17
189.03	26907	443.14
190.03	25960.3333	390.07
191.03	26214.3333	611
192.03	26360	139.78
193.03	26799.6667	192.98
194.03	26238	126.67
195.01	25999.6667	148.59
196.03	25811.6667	167.58
197.03	24973	127.49
198.03	25252.6667	204.39
199.03	25265	253.77
200.03	24773.6667	83.351
201.03	23985.3333	185.51
202.01	24611.6667	358.29
203.01	24117.6667	364.51
204.03	23880.3333	439.59
205.03	23491.3333	121.88
206.03	23922	157.2
207.03	23746.3333	446.13
208.03	23185.3333	69.735
209.03	23946.6667	456.21
210.01	23440	274.6
211.03	23133	339.81
212.03	22600.3333	135.24
213.03	23038.6667	373.31
214.03	23108.6667	287.88
215.03	23093.6667	180.56
216.03	22532	220.85
217.01	22440.3333	67.501
218.03	22518.6667	439.27
219.03	22533	203.97
220.03	22053	261.05
221.03	21960	127.77
222.03	21242.6667	189.43
223.03	21372	367.15
224.01	21761.3333	148.18
225.03	21146.3333	371.13
226.03	20986	114.78
227.03	21265	153.15
228.03	20588	355.25
229.03	20987	268.98
230.03	20571.3333	202.32
231.01	20654	213.99
232.03	20880	569.13
233.03	21065.6667	364.44
234.03	19801	243.46
235.03	20452.3333	81.019
236.03	20212	47.054
237.03	20121.6667	193.98
238.01	19678.6667	220.06
239.01	20120.6667	791.22
240.03	20266.6667	443.82
241.03	19308.6667	401
242.03	19332	634.07
243.03	19173.6667	140.72
244.03	19295	120.67
245.03	19160.3333	214.81
246.01	18852	47.061
247.03	19481	80.859
248.03	18853	150.34
249.03	18626.6667	258.42
250.03	18427	280
251.03	18773.3333	220.88
252.03	18451.6667	428.83
253.01	18388	579.56
254.03	18414.3333	208.72
255.03	17798.6667	179.56
256.03	17520.3333	210.39
257.03	18242	129.18
258.03	17987	291.43
259.03	17853.3333	182.98
260.01	17668.3333	206.81
261.03	17935.6667	69.58
262.03	17091.3333	180.78
263.03	17295	241.36
264.03	16840.6667	282.47
265.03	17000.6667	357.72
266.03	17519.6667	278.04
267.01	16720	133.25
268.03	17040	188.31
269.03	16866.6667	501.44
270.03	16468.3333	87.763
271.03	16560	116.02
272.03	17092.3333	220.79
273.03	16054	175.43
274.01	16601.3333	207.36
275.01	16093.6667	278.83
276.03	15652	162.69
277.03	16241	112.93
278.03	15841.3333	292.89
279.03	15561.3333	117.86
280.03	15799.3333	262.06
281.03	15773.3333	60.119
282.01	15132.6667	141.76
283.03	15906	154.54
284.03	15613.3333	585.53
285.03	15160.6667	251.06
286.03	15493.6667	268.09
287.03	15107.3333	276.11
288.03	14668	184.36
289.01	15292	98.685
290.03	15028	279.05
291.03	14573.3333	333.79
292.03	14988	67.834
293.03	14655	462.82
294.03	14346.6667	134.24
295.03	14746.3333	164.07
296.01	14305.6667	430.35
297.03	13946.3333	227.12
298.03	14200.6667	453.05
299.03	14425.3333	87.306
300.03	14053.6667	220.52
301.03	14292.3333	241
302.03	13653	100.6
303.01	13904.6667	334.67
304.03	14012	305.72
305.03	13721.6667	135.85
306.03	13332	299.53
307.03	13492	359.33
308.03	13387.3333	246.81
309.03	13386.6667	151.69
310.01	13665.3333	255.76
311.01	13293.6667	280.88
312.03	13642	108.97
313.03	13492.3333	212.23
314.03	13600.6667	126.91
315.03	12986.3333	312.11
316.03	13333.6667	234.32
317.03	13226	197.18
318.01	13427.6667	340.58
319.03	13174.6667	424.39
320.03	13000.6667	281.9
321.03	12758.3333	94.744
322.03	12520.3333	232.74
323.03	12680.3333	288.46
324.03	12627	114.19
325.01	12041.6667	96.056
326.03	12855	357.33
327.03	12318	108.59
328.03	12359	316.03
329.03	11893	204.75
330.03	12053.6667	139.81
331.03	11916	260.17
332.01	12053	40.843
333.03	12357.6667	396.82
334.03	11332.6667	422.14
335.03	11627.6667	80.859
336.03	12173	299.56
337.03	11545.6667	293.98
338.03	11934.6667	180.15
339.01	11439.6667	58.55
340.03	11452.3333	145.33
341.03	11280	265.11
342.03	11494.6667	198.03
343.03	11451.6667	423.64
344.03	11599.3333	219.54
345.03	10772	140.67
346.01	11120.3333	207.42
347.01	11373	83.507
348.03	11186.6667	328.3
349.03	11186	153.06
350.03	11039	217.06
351.03	11279.6667	462
352.03	11039	116.58
353.03	10986	167.21
354.01	10999.6667	327.48
355.03	10559	224.3
356.03	10547	67.839
357.03	10827	413.47
358.03	10547	109.06
359.03	10829	314.39
360.03	10681	268.19
361.01	10106.6667	108.49
362.06	10066.3333	113.78
363.03	10267.6667	177.08
364.03	10225.6667	334.28
365.03	9267.66667	197.93
366.03	9720.33333	215.86
367.03	10307.6667	208.77
368.01	9772.66667	2
369.03	9759	231.86
370.03	9732.66667	151.44
371.03	9826	172.83
372.03	9869.33333	373.35
373.03	9627	80.452
374.03	9758.66667	341.54
375.01	9387.33333	266.86
376.03	9544.66667	302.47
377.03	9388	251.68
378.03	9479	127.86
379.03	9362	171.24
380.03	9613	106.65
381.03	9346.66667	309.55
382.01	9308.66667	65.01
383.01	9440	127.8
384.03	9079.66667	150.32
385.03	9373.66667	46.199
386.03	9308.33333	280.55
387.03	8679.33333	155.24
388.03	9387.66667	154.09
389.03	9173	82.548
390.01	8321.33333	281.65
391.03	8881.33333	231.21
392.03	8936.33333	70.153
393.01	8508	86.295
394.01	8414.33333	122.42
395.01	8787.66667	173.85
396.01	8732.66667	244.3
397.01	8626	269.65
398.03	8464	135.86
399.03	8520	208.05
400.03	8441.33333	135.32
401.03	8333.33333	82.788
402.03	8348.33333	265.36
403.03	8254	270.73
404.01	8320.33333	243.16
405.03	8239.66667	81.707
406.03	8121	197.39
407.03	8173.33333	106.66
408.03	8306.33333	93.674
409.03	8093.66667	91.799
410.03	8081.66667	196.53
411.01	8239.66667	246.62
412.03	8159.66667	209.79
413.03	7640.33333	93.333
414.03	7974.66667	206.69
415.03	7626.33333	291.8
416.03	7639.33333	228.17
417.03	7758.66667	302.21
418.01	7773	363.44
419.01	7760.66667	153.74
420.03	7840	309.97
421.03	7827.66667	35.36
422.03	7718.66667	570.97
423.03	7920.33333	323.59
424.03	7573	121.12
425.03	7628	198.74
426.01	7640.33333	231.21
427.03	7599.66667	334.34
428.03	7306.33333	186.33
429.03	7532.33333	40.168
430.03	7519.33333	117.38
431.03	7159.33333	74.776
432.03	7199.66667	46.318
433.01	6973.66667	151.44
434.03	7320	117.7
435.03	7386.66667	199.22
436.03	7055	235.06
437.03	7172	139.86
438.03	6880	154.75
439.03	6906.33333	474.55
440.01	7200.33333	167.63
441.03	6760	73.49
442.03	6933	206.76
443.03	6801.66667	289.08
444.03	7148.33333	167.69
445.03	6762	117.87
446.03	6722.66667	58.96
447.01	7094	59.465
448.03	6787.33333	139.38
449.03	7094	144.45
450.03	6813	243.64
451.03	6586.66667	197.82
452.03	6491.66667	41.037
453.03	6773.33333	174.39
454.01	6693	159.93
455.01	6506.33333	154.58
456.03	6613	115.47
457.03	6480	114.72
458.03	6439	109.55
459.03	6481.33333	192.72
460.03	6468.33333	73.861
461.03	6429.33333	114.44
462.01	6374.33333	151.97
463.03	6319	247.06
464.03	6148.66667	127.79
465.03	5878.66667	350.02
466.03	6294.33333	282.71
467.03	5972.33333	23.383
468.03	6440.33333	49.337
469.01	6267.33333	157.95
470.03	5934.33333	40.168
471.03	6256	151.62
472.03	6055	85.191
473.03	6041	12.719
474.03	6172.66667	128.58
475.03	5934	243.86
476.01	5467.66667	52.501
477.03	5667.66667	107
478.03	5930.66667	62.421
479.03	5721	34.844
480.03	5506.33333	167.66
481.03	5520.66667	96.241
482.03	5465.66667	137.89
483.01	5719.66667	113.43
484.03	5482	170.26
485.03	5402	14.193
486.03	5679.66667	195.27
487.03	5442.33333	134.33
488.03	5294.33333	309.95
489.03	5414	162.77
490.01	5440.33333	137.82
491.01	5347.66667	91.929
492.03	5519	127.49
493.03	5135.33333	142.93
494.03	5334	240.78
495.03	5210.66667	241.69
496.03	5401.33333	102.41
497.03	5255	101.86
498.01	5267.33333	193.05
499.03	5521	184.93
500.03	4919.33333	127.09
